0.6807 0.0903422
0.707928 -0.0547614
0.735156 -0.014552
0.762384 0.0836118
0.789612 -0.0097388
0.81684 -0.0046052
0.844068 -0.0521998
0.871296 -0.0651588
0.898524 -0.0312708
0.925752 0.0828108
0.95298 0.0084522
0.980208 -0.003408
1.00744 0.0752872
1.03466 -0.060866
1.06189 -0.0233178
1.08912 -0.0043068
1.11635 -0.044159
1.14358 0.06343
1.1708 0.0309352
1.19803 -0.044131
1.22526 0.0880458
1.25249 -0.0040272
1.27972 -0.0119146
1.30694 0.0528346
1.33417 0.0008788
1.3614 -0.0125184
1.38863 0.051158
1.41586 0.0359858
1.44308 0.0631502
1.47031 0.0455406
1.49754 -0.0666842
1.52477 -0.0310218
1.552 0.064441
1.57922 0.0334938
1.60645 -0.033645
1.63368 0.049627
1.66091 0.0571238
1.68814 -0.0040838
1.71536 0.0354314
1.74259 0.0237076
1.76982 0.0117722
1.79705 -0.0109448
1.82428 -0.0295346
1.8515 0.023302
1.87873 0.0215732
1.90596 0.0100994
1.93319 0.0084378
1.96042 -0.0021012
1.98764 0.0395062
2.01487 0.0728068
2.0421 7.44e-05
2.06933 -0.0270402
2.09656 0.0303606
2.12378 0.0459546
2.15101 -0.004127
2.17824 -0.021647
2.20547 0.0206698
2.2327 0.002939
2.25992 -0.0095656
2.28715 0.0303222
2.31438 0.0281792
2.34161 0.00493
2.36884 -0.0173598
2.39606 0.0069344
2.42329 0.0300694
2.45052 -0.0014674
2.47775 0.0175588
2.50498 0.032063
2.5322 0.0028418
2.55943 -0.0008152
2.58666 0.0229398
2.61389 0.0009386
2.64112 -0.0201092
2.66834 0.0031688
2.69557 -0.0037434
2.7228 0.0083032
2.75003 0.0096616
2.77726 0.0017792
2.80448 0.0283346
2.83171 -0.004301
2.85894 -0.0055132
2.88617 0.0205816
2.9134 -0.0058426
2.94062 0.0038112
2.96785 -0.0063902
2.99508 0.0058788
3.02231 0.0180918
3.04954 -0.0035188
3.07676 0.0017556
3.10399 0.0069092
3.13122 0.009402
3.15845 0.0111794
3.18568 0.0135314
3.2129 -0.0053512
3.24013 -0.015655
3.26736 0.0043812
3.29459 0.0090372
3.32182 0.008425
3.34904 0.0065086
3.37627 -0.0100774
