0.6807 -1.17521
0.707928 -1.15741
0.735156 -1.28473
0.762384 -1.18652
0.789612 -1.1175
0.81684 -1.206
0.844068 -1.12671
0.871296 -1.3104
0.898524 -1.25703
0.925752 -1.37294
0.95298 -1.09141
0.980208 -1.35603
1.00744 -1.09823
1.03466 -1.20546
1.06189 -1.21996
1.08912 -1.25209
1.11635 -1.22857
1.14358 -1.34041
1.1708 -1.10171
1.19803 -1.27854
1.22526 -1.18997
1.25249 -1.10245
1.27972 -1.19803
1.30694 -1.12628
1.33417 -1.09236
1.3614 -1.12452
1.38863 -1.1174
1.41586 -1.02221
1.44308 -1.04542
1.47031 -0.895906
1.49754 -0.954344
1.52477 -1.02927
1.552 -1.01639
1.57922 -0.900392
1.60645 -0.9494
1.63368 -0.967682
1.66091 -0.850146
1.68814 -0.853434
1.71536 -0.858313
1.74259 -0.782572
1.76982 -0.810898
1.79705 -0.759027
1.82428 -0.832788
1.8515 -0.818096
1.87873 -0.786184
1.90596 -0.77495
1.93319 -0.765985
1.96042 -0.758074
1.98764 -0.770187
2.01487 -0.679062
2.0421 -0.624574
2.06933 -0.678913
2.09656 -0.678654
2.12378 -0.618192
2.15101 -0.586745
2.17824 -0.626446
2.20547 -0.630039
2.2327 -0.585106
2.25992 -0.624161
2.28715 -0.604238
2.31438 -0.563516
2.34161 -0.547879
2.36884 -0.553656
2.39606 -0.582599
2.42329 -0.539788
2.45052 -0.52246
2.47775 -0.542722
2.50498 -0.487342
2.5322 -0.478596
2.55943 -0.481659
2.58666 -0.480227
2.61389 -0.435779
2.64112 -0.47835
2.66834 -0.475998
2.69557 -0.472012
2.7228 -0.483484
2.75003 -0.455406
2.77726 -0.464161
2.80448 -0.451847
2.83171 -0.407492
2.85894 -0.460449
2.88617 -0.418518
2.9134 -0.419286
2.94062 -0.430204
2.96785 -0.411664
2.99508 -0.442984
3.02231 -0.399906
3.04954 -0.4068
3.07676 -0.406944
3.10399 -0.403289
3.13122 -0.393125
3.15845 -0.384485
3.18568 -0.370766
3.2129 -0.357422
3.24013 -0.381469
3.26736 -0.388732
3.29459 -0.372706
3.32182 -0.370658
3.34904 -0.355856
3.37627 -0.357641
